1 1 20 24
2 2 41 3
6 3 13 31
3 2 46 3
3 2 1 5
1 1 20 24
2 2 41 3
6 3 13 31
3 2 46 3
3 2 1 5
1 1 20 24
2 2 41 3
6 3 13 31
3 2 46 3
3 2 1 5
1 1 20 24
2 2 41 3
6 3 13 31
3 2 46 3
3 2 1 5
1 1 20 24
2 2 41 3
6 3 13 31
3 2 46 3
3 2 1 5
1 1 20 24
2 2 41 3
6 3 13 31
3 2 46 3
3 2 1 5
1 1 20 24
2 2 41 3
6 3 13 31
3 2 46 3
3 2 1 5
1 1 20 24
2 2 41 3
6 3 13 31
3 2 46 3
3 2 1 5
1 1 20 24
2 2 41 3
6 3 13 31
3 2 46 3
3 2 1 5
1 1 20 24
2 2 41 3
6 3 13 31
3 2 46 3
3 2 1 5
1 1 20 24
2 2 41 3
6 3 13 31
3 2 46 3
3 2 1 5
1 1 20 24
2 2 41 3
6 3 13 31
3 2 46 3
3 2 1 5
1 1 20 24
2 2 41 3
6 3 13 31
3 2 46 3
3 2 1 5
1 1 20 24
2 2 41 3
6 3 13 31
3 2 46 3
3 2 1 5
1 1 20 24
2 2 41 3
6 3 13 31
3 2 46 3
3 2 1 5
1 1 20 24
2 2 41 3
6 3 13 31
3 2 46 3
3 2 1 5
1 1 20 24
2 2 41 3
6 3 13 31
3 2 46 3
3 2 1 5